a = [2000, 3400, 3000, 2500]
b = [3 1 4 2]
format long
a./b